// Trigger events detected: 237
// Format: INDEX VALUE PREV_VALUE

10 272 633
12 181 412
15 120 918
19 216 221
28 0 351
32 282 989
36 31 986
40 71 737
43 259 692
47 313 226
51 333 88
54 188 699
59 198 199
64 304 361
66 310 794
68 236 799
72 349 37
75 395 656
77 11 493
86 22 155
92 49 203
94 98 925
96 76 995
99 260 1007
103 231 997
106 175 309
108 251 1014
113 74 100
119 221 433
121 177 888
125 319 707
127 143 848
129 209 999
133 365 441
137 350 828
143 162 984
151 166 278
155 252 996
162 358 846
166 230 61
168 51 1013
172 74 623
174 392 911
176 171 722
180 246 134
183 158 928
185 105 664
188 238 126
191 34 616
194 281 16
196 270 914
199 300 735
202 304 90
208 6 498
211 195 1023
214 199 762
217 48 472
221 264 367
225 256 264
227 271 918
230 313 98
242 387 458
245 210 884
249 242 371
251 254 726
254 150 955
258 206 170
263 132 546
268 47 596
273 239 480
277 329 132
280 246 848
289 123 138
292 131 41
297 205 137
299 308 771
302 229 419
307 36 678
311 185 802
313 187 635
317 22 909
319 153 583
323 19 624
329 7 396
333 140 528
337 97 663
340 328 434
342 173 507
345 50 748
348 78 917
350 51 799
354 340 525
360 202 237
363 339 520
365 1 943
372 148 820
378 34 100
385 39 489
389 276 81
391 332 431
396 139 825
398 299 821
406 116 481
410 228 979
413 56 769
419 345 619
427 333 382
430 273 660
432 294 658
437 207 0
439 239 854
446 191 453
452 281 264
455 300 588
459 144 909
469 232 196
473 210 33
475 308 817
477 344 702
481 217 317
487 294 239
491 88 881
495 346 462
497 187 609
501 43 823
511 187 198
516 54 347
518 90 618
520 264 473
523 361 896
530 379 19
533 106 130
536 161 881
542 287 4
555 186 402
558 50 271
564 294 644
567 274 911
570 94 867
574 248 439
579 255 32
582 47 996
587 229 784
590 140 667
593 63 383
601 41 342
606 162 97
609 318 450
611 344 928
615 151 831
621 227 162
624 147 142
630 344 178
634 210 675
639 95 154
641 253 600
645 275 199
653 371 869
669 261 215
672 340 208
676 291 614
685 268 367
689 131 157
695 1 669
697 181 511
699 129 836
703 79 122
709 267 911
714 317 526
716 344 687
719 346 170
728 182 890
732 282 972
737 299 969
740 161 316
743 138 446
745 16 874
747 239 643
749 327 945
753 43 119
755 74 602
758 55 170
760 89 1001
763 307 282
772 371 579
775 383 616
781 177 135
785 202 92
788 358 864
792 360 215
796 187 167
802 183 14
805 54 614
807 271 736
809 167 508
813 127 23
817 388 2
819 60 666
825 52 168
829 340 577
832 267 660
834 174 903
836 318 425
840 324 585
854 373 301
867 361 319
875 52 961
877 108 789
884 118 218
888 169 168
890 116 462
892 249 1007
898 388 125
900 198 605
902 390 562
906 216 200
912 127 997
920 215 257
928 365 33
931 292 655
934 349 914
936 176 437
938 169 530
941 201 165
943 266 646
948 394 985
951 232 143
960 65 231
962 393 967
965 108 953
969 315 7
973 120 128
976 343 746
983 342 178
992 238 320
995 212 586
997 341 805
